[41 80 88 69 33  8 82 66 74 21 22  7  9  5 53 29 75  6 34 89 90 51 95 43
 75 74 71 56 27 26 57 57  7 77 76 56  7 32 17 73 59 61 72 19 38  1 47 14
 50 32  9  9 65 76 21 36  9 66 54 23 25 67 59 42 97 62 87 89 80 92 94 13
 59  9 94 42 97  2 30 53  3 98 99 44 46 65 28 27 38 30 47  7 65 99  2 40
 13 41 68 90]
[ 13  90  29  31  93  56  18   7  51  90  17  75  89   3  86  68  49  89
  68  46   6  10  78  88   9  57  34  61  25  49  79  63  28   2  32  37
  87  11  30   0 100   7  90  89  50  47   4  49  87  32  18  17  41  52
  33  16  60  40 100  72  44  80  79   6  61  55  68  22  18  87  40  95
  71  45  90   8   3  75  42  87  52  57  71  15  85  92   1  49  87  40
  31  86   9   6  76  30  79  35  69  52]
[ 76  50  90  19  80   8  46  88  57  42  97   8   4  92  30  50  24  39
  10  39  29  10  10  74  35  34  63 100  89  82  99  19   1  10  30  71
  56  76   3  21  68  17  72  75  49  81  73  77  48  75  61  42  43  49
  65  49  77  87  84  51  37  74  24  63  67  23  22  68  76  86  64  86
  57  31  39  42  83  70  79  82  32  40  30  27  48  61  84  14  44  21
  39  96  35   3  16  94  72  51  14  16]
[ 27  84  83  23  37  84  90  81  19  53  65  48  99  15  90  89   0  76
   7  43  38  83  56  95  60  11  40  22  42  77  21  29  42   1   0  30
  96  88  62  46  61  34  34  50  84  75   2  75  58  51  51  61   6  31
  16  29  74  77  86  72  56  26  50  26  20  15  35  76  83  24   5  28
  53   5  86 100  69  61  81  71  53  35  56  73  21   6  92  81  11   5
   5  37  88  63  37  27  31  46   9  74]
[ 11  61  94  86  86  27  21  75  29  18  47  63  63  11  70  45  31  73
  60  65  18  31  70  17  81  70  94  28  72  13  75  46  38  62  53  39
  35  15  64  96  88 100   9  64  72  92  12  32  22  74   9  45  84  27
  97  66  53  98  82  84  88  19  54  82  77  44  75  44  39  59   1  50
  85  95  19  91  84  36  53  40  30  32  96  13  71  30  95  86  18  58
  18  34  81  72  58  96  46  27  22  29]
[69 28 16 66 65  1 75 15 77 76 30 74 31 55 34 88 26 67  6 89 25 36 56 60
  5 80 24 75 70 50 43 29 43 25 25 16 72 17 66  2 94 96 31 11 67 97 85 13
 16 37 62 89 93 71 73 60 75 65 83 12 19 20 60 17 57 96 15 94 77 52 57 60
  6 13 48 49 19 60 53 56 69 36 64  5 44 37 85 85 95 84  8 68 97 49 37 46
 56 34 48 77]
[59 77 81 50 86 88  4 79 32 31 68 93 63 96 14 55 90 30 38 94 52 25 13 28
 91 81 71 82 82 13  0 87 17 13 57 23 40 82  3  7 25 52 50 40 70 16 69 58
 35 40 74 91 43 26 41 95 23 88 69  3 87 23 97 16  8 12 65 86 66 48 70 17
 82 82 19  5 80 52 29  0 19 59 64 49 83 81 31 33 17 34  8  2 32 48 87 55
 86  3  9 93]
[ 77  60  22  29  97  19  79  74  12   8  94  22  41   2   3  76  26  90
  24  28  65  84  63  60  32  11  12  93  24  52  64   7   2  73   2 100
  45  63  36  19  14  81  33  53  30  19  77  26  80  80  12  55  96  89
  86  37  58  79  54  54  57  32  16  18  66  13  46  50 100  47  65  30
   2  84  82  48   5  49  64  17   3  24   9  28  93  94  38  92  38  27
  96   3  30  49  97  33  46  41  80  93]
[ 54  95  91  47  85   8   0  71  13  44  84  58  39  57  78  11  26   1
  54  11  65  57  24  20  78  67  54  83  46  91   8  33  25  66  73   5
  20   2  68  89  43  28  40  29  32   7  19  85  23  77  59   9  30  22
  85  25  76  60  81  74  60  36  81  48  74  23  76  28  96  77  64  93
  84  97  67  59  97  30  49  39 100  24   2  23  14  84  66   8  29  88
  95  24  28  58  22  87   1  59  68  77]
[ 10  85  37  54  92  25   8  58  38  11  73  35  98  74  39  14  65  77
  58  51  71  79  45  22  15  42  20  64  86  55  98  52  79  36  77 100
  86  37  22  16  90  45  32  44   5  16  56  76   5  74   5  12  67  93
  14   5  10   0  82  23  18  52  57   6  29  60  73  78  23  62  29  78
  53  81  76   2  11  85   7  39  18  89  54  26  28  77  82  80   4  55
  35  84  43  25  38   5  16  16  44  26]
[100  19  55  25   1  33  42  88  99  25  55   5  68   2   7  43  75  83
  97   6  14  97  36   1  72  71   1  51  91  74   7  96  53  36  34  33
  46  59   7  42  31  61  30  60  89  20  73  97  46  30  91  37  93  65
  13  29  79  39  64  82  83  59  29  20  57  53  87  38  39  98  97  11
  72  35  66  87  66  16  33  48  42  65  23  36  75  97  26  96  98  97
  46  21  50  31  50  60  22  74   8  66]
[88 30 66  4 24 27 65 73 96 97 91 71  6  7 61 31  1 99 74 50 66 47 39 75
 91 21 75 86 70 65 32  0 15 49 22 13 47  8 91  3 13 61 49 45 18 55  7 31
 38 61  6 77 60 45 59 73 86 19 95 90 68 29  0 38 48  2 41 95 82 68 17 47
 96 12 99 23 35 83 56 15 55 36 57 90  5 59 16 30  9 99 34 61  0 77 72 18
 24 11 34 30]
[26 17 15 76 82 90 89 91  9 27 14 35 59 56 90 39 83 38 83 53 56 56  6 99
 77 72 41  5 54  0 41 82 69  6 36 95 56 96 90 45 28 46 76 67 82 29 69 91
 46 60 60  5 77 21 63 53 57 43 90  3 46 34 86 83 69 52 57 31 19 72 91 40
 78 33 24  9  2 20 78 76 78 12 80 60 38 14 62 29 35 74 71 78 11 46 31 51
 23 78 46 98]
[20 88 15 62 33 43 80 83 84 99 38 20 68 15  1  5 68 53 24  6  7 88 15 95
 21 22 74 89 45 67 35 76 93  4 17 31  1  7 48 64 12 21 82 48 13 21 96 79
 49  9 13 90 22 95 77 86 61 25 73 88 53 83 25 46 63 73 67  4 40 30 43  2
 88 30 35 41 91 78 99 11 42 92 24 13 36 21 39 64 14 31 97 92 59 74  5 28
 86 79  9 82]
[ 26   0  71  65  38   4  57  97  39  15  70  52  76  57  37  54  14 100
  48  18  83  65  74  43  60  93  66  88  10  86  92   3  28  47  21  40
  51  53  21  51  37  30  70  60  75  32  25  80  16  58  88  26  40  34
  11  63  61  75  92  78  77  88 100  83  77  76  54  65  85  82  93  43
 100  34  89   0  18  39  66  70  89  28  41  82  30  71  56  63  82  80
  51  99  48  80  57  63  71  46  21  73]
[  4  82  61  27  43  15  48  13  97  14  81  88  46  24   4  26  19  66
  55  38  48  69  38   4  71  56  50  27  66  45   6  78  12  76 100  10
  68  19  16  61  90  31  80  73  99  24  28  23  30  25  83  10  10  52
  55   9  60  62   7  83  26  41   9  87   2  20  11  88  75   0  55  23
  93  85  99  75   7  16  75  31   4  57  72  72  93  88  28 100  68  38
  73  52  67  83  99  55  47  47  64  34]
[ 77  38  41  37  69  85  86  48  34  59  73  40  71  98  10  38 100  72
  95  89   1  77  95  35  75  26  69  46  59  36  34  81  11  56  65  32
  25  13  73  92  14  62  27  83  74   2  96  99  28  19 100  14  11  58
  59  45  50 100  25  69  75  22  75  27  93  54  97  62   3  97  42  97
  67  65  10  27  52  48  97  93  96  84  97  35  61  82  15  21  65   9
  27  64  59  77  67  30  28  15  43  66]
[50 31 49 64 69 73 23 86 45 56 85 49 80 37 16 38 75 70 77 23  2 61  2 63
 11 36  4 54 18 17 61 15 59 91 93 76  2  8 55 41  7 86 78 62  3 48 15 97
 99 37  7 62 33 85 55 72 67 22 12 39 63 93 26 80 19 71 47 91 10 75 81 54
 89 20 15 53 42 39 51 49  1 97  9 46 48 63 84 72 22 35  2  2 30  1 91 50
 79 49 59 97]
[ 74   8  20  57  98   8  49  67  18  56  47  44  53  23   1  20  10  38
  35  77  59  47  64  75  14  51  17  85  77   9  60  44  45  17  65  92
  67  46  75  32 100  50  20  25  31  62  40  83   6  37  42  52  53  18
  88  51  48  42  42  48  90   2   8  23  40  41  56  26  93  71  64 100
  29  38   7  49  85  93  57  38  16   4  93  36   9  83  30  35  10  16
  80  61  87   2  41  25  58  61  90  77]
[83 74 74 12 60 43 36 65 97 64  0 54 14 62 25 15 96 54 90 36 86  0 62 25
 32 60 31 45 32 82 60 93 52 48 55 79 75 87  0 46 57 26 29 29 40 73  6 59
 80 28 99 44 41 27 14 16 43  9 34 56 58 67 42 57 73 58 95 76 89 61 32 28
 75 42 13 35 98 22 16 64  2 34 65 61 27  3 27 86 27 62 24 20 81 70 27 91
 23 14 41 86]
[ 71  55  57   9  19  83  83  62  10  81  36  96  84  19 100  12  42  62
  18  25  57  74   6  65  11  10  65  90  34  93  85  67  31  87   3   8
  13  17   2  39 100  32   6  45  51  71  14  77  33  50  85  82  20  12
  11  91  42  59  19  49  90  34  39  73  44  72  57  10  96  76  28  72
  87  34  32  65  76  16  60  47  77  69   0  65  52  44  98  41  76  15
  38  17  47  92  53  76  19  19  81  94]
[ 26  72  33  54  10  16  77  50  72  50   9  46  26  68  19  50  97  30
  19  99  82  39  36  46  15  87  28  43  31  18  36  53  23   0  40  90
  51  89  48  62  71  76  37  30  17 100  93  88  76  11  59   9  86  55
  42  16  82  34  81  65   0 100  89  16  57  94  34  44  93  96  20  43
  94  81  33  43  26   4  56  95  23  55  46  53  35  90  35   4  74  32
  37  60  10  92  61  74  35   0  49 100]
[ 8 81 79 94 41 70 37 28 59 26 16 42 84 25 95 15 29 37 94 81 66 35 69 44
 31 68  9 88  6 90 66 97 89 23 95 67 42 18 87 53 59 34 86 56 75 86 68 34
 13 85 94 76 51 53 65 99 14 14 69 17 16 88 61 43 80 76 91 77 82 46 45 30
 78 15 76 17  6 32 87 72 43 38 57 32 16 48  5 85 45 95 88 29 84 58 11 51
 72 92 36 54]
[ 38  25  14  23  69  21  22  28  66  99  27  15  20  43  87  44  21  63
  82  37  67  81  63  24  49  81  94  16  93  48  45   9  88  84  37  71
  16  15   5  84  81   6   5  10   4  92  85  48   9  97  93  13 100  64
  54 100   2  87  66   6   9  32  73  75 100   5  69  20  58  90  94  71
  44  50  15  72  76  26   7  36  44  23  23  98  96  90  49  80  38  66
  19  44   9  99  22   6  79  82  46  31]
[ 52  37  48  47  86   8  99  75  55 100  75  30  12  78  95  15  19  99
  87  85  42  70  83  28  77  19  14  48  62  99  35  91  54  98  97  94
   4  43  96  98  51  43  36  69  51   9  47  65  76  58  88  49  83  23
  74   6  87  47  57  35  25  84   0  53   3  78  10  44  32  82  48  15
  68  55  53  50  85  53  46  84  94  86  19  57  10  75  90  29  39  75
  54   0  66  46  49 100  36  62  29  95]
[ 25  58  88  94  86   5  77  21  11  15  78  52  30  63  97  62 100  56
  63  27  63  41  71  55  36  33  34  54  37 100  45  65  66  56  44  41
  44  54  67  44  20  24  17  97  85  12  43  96  44  71  21  76  25  37
  96   1  27  97  86   6  68   2  71  85  69  79  54  57   8  23  71  88
  46  26  10  96  90  48  61  90  30  97  26  15  55  53  10  44  39  10
  77  94  51   4  72  76  41  22  45   8]
[ 35  77  43  89  41  60  84  28  90  13  47  94   1  88  96  16  43 100
  75  80  84  95  10  65  15  10  29  76  14  87  15  77  95   9  91  36
  11   9  17  93 100  97  46  73  80  39  85  94  90  59  75  54  77   3
  78  73  20  49  45  81  14  69  23  43  87  49  21  46  87  33  16  54
  41   9  61  81  81  35  58  13  84  80  24  34  90  44  27  79  27  68
  41  46  66  77  49  22  96  64  87  49]
[49  2 10 89 32 32 64 65 63 33 58 11 94 14 95  8 59 64 43 34 59 72 27  0
 71 16 66 50 95 40 31 87 58 74 13 98 38 80 94 81 18 22 57  3 86 60 66 94
 58 47 18 82 53 47 47  4 48 90 54 21 47 10 96 12 78 78  2 89 37  3 42 64
  8 29 12 77  2 35 11 92 71 19  2 87  7 73 17  5  6 68 75 68 64 22 27 60
 48 93 80 31]
[ 39  82  32  36  95  26  56  46  36  87  88  32  49   2  68  54  76  49
  45  71  23   8  23  86  68  74  50  44  95  68  95  15  94  69  89  96
 100  83  23  23  73  22  90  69  68  88  26   0  39  33  64  47  90   5
  35  53  50  36  79  34  33  54  64  62  79  12  47  60  15   3  84  69
  11  14  11   8  12  49  53  61  36  34  11  73  62  16  44  87  79  99
  54  22  48  52  64  44  14  37  34  24]
[ 67  42   5   9  80  28  82  59   6  17  51  44  38  43  41  51  26  53
  24  51  91  37  91  89  73  11  65  72  55  44  30  96  48  56  42  32
  73  14  18  79  27  87  80  19  36  58  21  25  94  54  59  39  91  15
  72  11  79  32  11  19   6  11 100  84   5  93  39  32  84  76  76  44
  88  91  64  40  37  30  78  38  66  48  70  52  44  96   2  79   4  54
  78  56  61  81  90   7  22  36  64  92]
[ 38  62  46  83  19  22  35  54  69   6  37   2  82  36  63 100  76  67
  11  41  59  95  22  96   4  90  69  33 100  43  35 100   0  35  31  59
  75  20  25   9  57   9  87  22  18  46  15  68  80  99  12  36  18  69
  35  31  56  51  73  83  26  57  46  95  11  64  77  99  55  27  90  61
  27  74  94  58  33  88   3  62   2  34  57   1  16  66   8  24  70  65
  96  37  87  17  40  85  90  45  79  76]
[20 13 51 96 89 69 42 73 98 58 17 97 52 81 57 91 43  0 33 75 40 33 13 58
 20 75 69  1 88 78 52 95 52 34 38 39 86 99 17 58 61 52 31 54 61 60  1 30
 78 18 58 29 88 92 95 18 20 90 87 20 28 43  9  0 27 77 80 49 10 87 63 21
 44 55 25 81 46 20 82 52 91 31 70 71  0 87 27 33 80 29 88 90 64 54 23  2
 62 67  9 58]
[ 23  29  39  62  45   6   1  38  32  77  90  39  20  84  85   5  62  26
  41  94  34  24  97  34  20  12  84  27  97  76  71  39  63  20  19  89
  38   9  46  39  94  33  32  80  48  29  51  99  82   9  48  19  88  11
  71   3 100  95  22  71  58  76  74   2  38  66  72  63  16  21  42   8
  11  29   8 100  61  48  85   4  76  22  45  65  62  18  68  64   9  56
  14  32   9  22  87  39  69  93   9  36]
[ 72  91  14  73  20  23  83   2  96  18  86 100   5  43  80  12  87  53
  50  38  10  85  10  20  92  36  58  74  62  82  46  80  94  62  92  71
  60  75  39  45  85  77  78  79  54   1  52  27   1  25  53  75  40   2
  19  55  68  59  56  23  85  23  54  14  14  48  81  34   1  76  32   2
  76  53  43  89   7  96  49  16  12  96  83  34  50  84  87  27  89  20
  25  14  87  21  49  86   4  83  14  42]
[21 93 58 82 66 92 99 35 98 66 26 41 76 11 60 52 17  4 83 41 85 88 23 73
  8 15 86 76 33 29 44 88 17  3 26 50 51 53 30 74 63 93  8 35 71 76 74 31
 51 23 60 76 32 20 62 96 69 95 33 13  6 36  7 30 73 69 87 57 15 75 60 87
  7 32 68 23 79 52 51 32 58 71 20 91 48 19  9 46 81 17  0 71 41 13 30 76
 15  6 35  1]
[ 65  42  82  94  40  38  75  81  74  42  77  97  44  70  18  60  87  64
 100  48  61  93  91   9  96  22  44  51  71  86  52  42  89  38  64  97
  45  13  94  35  56  44  84  99  89  27 100  66   1   2  97  48  11   4
  40  92  36  95  11   3  54  25  55  18  41  18  50  36  68  54  94  12
   7  33  44  94  96  27  68  25  69  82  32  99  15  20  78  46  70  44
  12  12   2  43  32   1  67  71  11  19]
[19 56 88 29 20 23 21 74 58 66  9 31 56 11 71  1 74 59 91 96 12  7 79 68
 70 48 12 62 42 86 25 92 79 47 14 77 12 88 78 93 20 44 38 17 78 32 23  8
 59 69 67 12 40  0 25 41 20 53 71 84 60 40 46  6 96  4 26 82  8  5 48 92
 31 29 12 20 91 77  3 73 24 21 86  1 83 95 80  1 51 70 65 97 45 30 23 63
 33 52 72 55]
[ 93 100  66  37  70  66  84  45  14  93  39  76  35  64  88  26  24  60
  67  23  97  89   7  97  37  54  15  56  20  15  71  36  30  71  75  34
   5  53  87  17  77  65  33  92  16  17  35   3  43  60  45  70  61  22
  45  59  35  78  77  25  24  84  74  34  24  90  23   2  60  63  29  60
   4  26  20  26  20  64  62  54  76  63  75  29  35  70  55  41   1  78
  74  30  50 100  65  31  43  72  50  53]
[ 28  99  88  35  82  77   4  75  16  40  71  65  40  10  52  18  89  50
  70   0  89  29  20  10  33  35  31  92  23  51  97  90 100  24  97  38
  82   0  13  29  87   7   3  16  36  55  30  97  68  95  73  62  76  18
  18  75  10  52  11  55  20  69   1  43  11   7   0  23  21  27  67  64
  97  56  56  32  23  43  23  92   5  44  95  45  59  42  10  74  49  92
  64  51  90  94  51  90  81  88  78  60]
[78 52 61 74 41 16 97 56 11 97 34 88 72 55 58 51 38 68 17 63 86 74 56 94
 46 93  1 90 65 78 44 63 55 40 16 25 67 28 60 68 17 11  7 40 91 12 76 78
 74 13 28 85 21 76 91 90 71  8  0 30 11 69  9 23 10 48 70 71 12 43  9 78
 31 54 61 59  6 97 89 14 43 75 18  0 72 54 45 67 10 86 18 82 17 11 42 48
 20 68 42 69]
[ 62  51  48  91  53   4  95  45  60  50  54  32  49   2  47  17  84  78
  89  28  74  64  72  26  15   0  66  28  28  58  40  12  73  63  15  80
 100  94  82  63  36  57  10  76  90   6  90  19  79  65  58  29  14   1
  73   6  58   5  77   3  85  84  19  80  43  14  28  34  85  34  37  16
   5  87  38  80  92   3  30  31  72  64  64  84  28  81   2  45  86  54
  87   5   3  37  90  35  23  88  54  89]
[ 71  28  85   9  17   1  66  50  77  11  28  49  78  52  27  78  54   4
  78  31  55  54  96  62  99  89  14  15  70  84  88  65  49  54  38  12
  86  77   1  81  45  77  83  93  68   6  99  58  79   2   7  54   2  73
  41 100  53  81  47  59  28  12  82  93  27  63  69  61  19  94  93  84
  14  75  13  91  73   8  70   6  21  37   3   1  23  79  79  62   6  18
  32  12   5  33  60  12  71  54  23  63]
[  0  85  65  32  37  47  62  44  47  26  32  17  70  38  85  73  24   2
  70  36  86  88  29  37   7  80  71  88  24  13  53  31  26  75  19  56
  33  14  90   5  23  25  21  80  54  37  42  30  90  27  34  32   0  24
  60   4  78  41  14   7  30  91  27  14  68   1  20  68  68 100   2  25
   2  25  72  86  45  18  75  17  92  24  36   6  96  26  31  97  10  77
  69  64  30  61  18  72  89  68  67  99]
[ 40  57  50  21   4   0  73  42  81  19  97  79  66   3  23  57  76  31
  16  43  83  56  29  20  95  72  97  99  23   7  85  53  18  83   9  31
  84  76  34  70  43  88  41  61  88  34   6  92  15  34  19  31  90  94
  39  72  70  82  78  75  68   2  13  21  14  70  92   5  14  65  25  26
  28  93  66  62  23  38  77  98  59  24  26  77  84  99  80  77  86  35
  80  70  57  28  53  51  92 100   5  73]
[ 71  34  14   1   1   7  56  49  43  18  21  67  98  28  86  15  41  76
  27  66  85   8  35  53  81  47  95  49  52  63  73  21  33  90  93   3
  51  76  32  39  15  54  82  21  23  82 100  20  34  40  92  44  88  27
   7  46  46  57  60  97  14  71  77  61  35  39  90  37 100  10   3  33
  42  97  44  73  88  92  60  92  20  48  95  25  13  41  76  96  49  56
  29  64  98  29  71  96  67   6  35  79]
[ 99   0  80  57  67  32  73  13  83  36  49   9  74  53  38  22   5  88
  69  69  44  22  88  47  15  91  43  37  50  48  58  71   6  52  69  68
  69   8  87  21  20  53  27  41  67  72  77  42  44  50 100  74  79  13
  94   6  46  84  96   1  10  58   1  99  13   9  89  50  39  50  92  84
  18  78  17   2  28   6  28  40  92  36  10  33   0  60  16  60  42  40
  42  59  63  10  45  19   1  43  80   9]
[55  4 35 60 36 91 74 50 91 62  6 99 66 72 89 95 56 18 39 86 56 33 45 79
 35 81 53 47 93 42  2 68 39 77 26  7 83 58 41 94 37 52 64 20 32 19 94 17
 40 66 80 41 46 23  3 32 78 88  1 54 69 28 82 80 91 92  4 96 98 53 87 20
 26 63 85 82 73  7 12  7 79 78 23  2 15 93 52 26 81 57 36 36 16 82 57 78
 55  9 36 80]
[ 27  40  74  83  15  14  14  49  50  19  16  68  96  63  34  40  14  81
  11  52  54  27  55  32  98  49  46  33  86  75  66  67  80  30  24  88
  62  87  88   6  63  93  32  20  36  93  83   3  44  62  70  42  31  99
  92  49  29  80  26  39   2  20  53  54  93  57  28  21   6  64  56  57
  10  61   8  55  59  12  83  46   9  59  51  99  82  33  81  16   4  51
 100  77  16  80  88  21  42   3  76  19]
[95 76  8 24 69 85 62 45 51 13 27 19 85 78 88 85 31 47 60 40  2 66 57 50
 64 36 17 95 78 92  5  3 64 16 97 74 69 36 94 61  0 70 36 84 91 60 14  9
 71 24  9 42 66 95 31 19  6 12 51 71 76 81 61 76 76 39 40 11 10 85 79  6
 98 29 44 73 66 85 84 46 10 69 78 85 51 47 26 46 90 97 68 26 62 62 17 37
  3  1  7 91]
[ 71  62  77  59  73  66   2  56  31  25  64  85  61  37  41  30  26  27
  62  35  81  15  13  67  19  89  34  14  20  45  36  28  41  25  62  28
  72  23   9  63  34   7  75 100  78  86  15   5  73  11  20  57  96  43
  19  90  61  18  30  81  35  70   1  46  33  56  50  23  92  26  16  31
  16  66  83  11  36  64  70  71   7  96   9  41  74  35  31  72   5  75
  72  70  19  52  37  17  96  90  99  34]
[81 44 73 72 86 59  8 85 23 90 35 14 23 33 20 94 33 47 66 93 45 69 31 77
 91 35 19 47 59 43 41  7 51 82 66  1 48  0 71 52 14 29 45  0 35 53 41 73
 57 66 56 60 97 10 47 52 49 62 41 38 66 38 97 54 12  9 90 62 48 30 56 95
 50 63 30 34 36 75 61 54 54  4 63 13 24 73 85 91 16 69 75 66 18 72 95 82
 43 12 79 15]
[83 30 54  8 58 96  4 46 53 18 88 14  3 70 87 59  7 26 47  6 85 89 56  3
  7  2 60 26 35 37 61 15 56 90 80 95 92 30 35  7 66 37 25 49 94 99 10 67
 40  1 33 85 36 52 13 22 72 49 51 73 57  0 68 37 12 89  4 69 46  9  2 18
  1 76 54 32 60 98  4 49 11 10 41 29 69 78 57 31  6 80 28 70 97 40 86 29
 26 83  8 52]
[47 18 13 74 49  0 39 92 69 91 95 31 16 94 40  2 17 83 78 20 46 66 70 67
 59 88 30 84 56 39  6 80 94  4 75 82 78 31 96 31  4 38 49 36 62 84  4 93
 42 23 93 59 38 50 48 26 64 36 22 83 62 32  7 58 71  8 26 44 97 94 68  7
 43 63 57 65 25 91 32 30 98 65 13 96 25 43 41 62 73 63 96  0 17 82 48 76
 37 93 23 80]
[ 72  94  26  81  30  28  25  72   3  82  72  83   3  22  56  95  13  93
  76  23  70  85  17  77  76  30  46  75  33  81  58  28  29  54   0  38
  11  11  55  15   7  67  96  71  17  53  74  97  16  24   7 100  99  30
  56  41  85  89  83  21  54   4  28  63   5  80  91  90  95 100  25  47
  91  12  84  43   3  70   9   0  69  92  36  20  54  39  63  17  81  63
  76  16  45  69  36  18  33  93  30  11]
[35 98 91 81 77 64 57 30 20 25 30 74  1 76 84  5 71 53 57 37 43 57 30 13
 99 33 27 99 52 16 73 18 58 19 23 67 40 96 73 68 50 76 79 71 83 77 46 54
 35 79 88 43 40 50 48 87 88  7 55 79 14 19 36 90 28 39 85 46 72 64 55 16
 35 26 13 13 34 56 98 76 40 39 87 30 56 68 79 66 42 26 85 87  3 23 28 89
 15 11 60 68]
[40 59 23  8 30 90 43 13 67 76 45 62 40 81 65 83 29 17 80 13 10 34 66 10
 88 36 34 95 79 87 41 37 39 26 26 39 20 94 20  5 87 90 79 88 71  5 93 89
 34 59 13 36 90 15  1 82 29 25 86 91 61 70 70 87 91 14 24 73 39 44 91 50
 83  1 34  5 59 59 11 45 98  8 71 70  8 16 14  8 13 81 70 44 81 65 46 30
 16 42  8 99]
[ 97  99   0  77  88  84  71  17   3  24   6  89  53  71  24  65  71  23
  82  23  16  19  76  25 100  30  74  58   6  88  62  15  36  58  88  36
   9  81  86  91  86  52  20  61  57  33  99  75  67  90  38 100  93  48
  44  45   0  49  50  56  97  31  28  32  74  82  81  36   4   8  31  35
  87  76  99  78  72  90  72  13  52   7  22   4  61  52  63  83   0  87
  16  92  48   6  98  11  35   4   9  75]
[ 53  97  93  52  71  18  88  47  81  35  99  90  30  51  48 100  26  38
  10  99  68  93  55  53  88  96  23  52  50   0  42  84  84  78  88  89
  72   5  44  88  24   2  19  27  73   5  22  58  43  33  45  30  19   3
  36  40  39  42  71  38  92  61  65  74  64  56  28  12  59  71   1  22
   7  62  82  66  66  77  21  87  69  99  51  81  86  86   2  81  22  87
  20  45  22  69  48  29  89  56  55  17]
[100  50  89  60  70  28  21 100   2  70   0  59   4   6  14  69  31  63
  35  93  48  42  76  35  99  87  47  68  35  69  33  23  27  41  20  47
  79  86  82  69  12  89  28  32  31  43   9  37  24  63  37  75  76  90
  99  71   1  46  84  38  73  19   8   7  50   4  86   7  47  57  18  21
  64  29  60  48  89  10  93  23  28  34  62  68  78  61  99  82  24  78
  81  59  47  44  36  35  28  44  55  99]
[ 79  30  83  88  97  88  74  95  85  75  22   0  20  57   8  93  38  42
  10 100   5  59  56  12  84  35  12   6  18  43  37  36  76  33  91   5
  13   3  55  81  96 100  34  95  80  83  72  48  54   9  37  57   6  81
  53  61  75  16 100  65  62  16  36   7   9   2  27  71  60  97  52  66
  24  47  63  22  54  16  89  67  88  86  93  20  87  54  48  56   3  74
  62  51  30  11  57  79  44  60   9  48]
[10 90 56 37 49 12 91 25 13 83 18 63 75 92 42 40 64 77 69 78 78 44 66  3
  5 26 70 14 51 92  7  9 38 87 49 71 84 73 43  0 95 98 34 76 98 64 32 97
 26 28 92 40 37  7 77 89 48 74 70 35 61 67  3 69 66 49 15 81 81 62 92 93
 74 16 35 94 83 21 26 30 36 15 43 39 43 58 28 38 53 76 39 38 73 18 93 84
 82 61 62  4]
[ 15  72  71  68  74  84  43  42  47  86  91  29   7   5  93  15 100  16
  63  83  40  27  11   6  55  85  62  90  33  10  77  31   5  10  72  95
  37  59  80  10  12  70  18  61  17  74  14  61  54  55  34  27  63  70
  71  66  93  68  38   0  70  83  29  23   6   0  30   5 100  86  88   1
  34   3   0  31  10  41  62  64  20 100  79  29   8  88  80  34  84  46
  31  70  41  94  55  66  67  69   2  95]
[ 48  88  37  33  11  30  66  83  54  93  95  29  60   0  41  51  42  76
  34  84  90  82  75 100  45  49  77  40  36  73  14  54  45  95  40  58
  98  90  77   9  96  81  89  87   8  55   2  30  74  63  10  76  61   7
  81   0  94  76  68  97  40  78  75   7  94  72  53  22  18  52  24  57
  19  46  22  18  93  37  65  22  75  97  57  57  56  38  41  74  77  16
  86  64  60  32  47  40  87  47  18  15]
[22 50 50  5 32 75 45 33 19 50 90  0 80 91 77 93 82 24 47  6 43 44 15 94
 49 41 84 76 30 57 46 12 13 72 17 91 12 61 99 66 94 96 96 47 88 40 53 83
 62 82  7 51 65 40 65 77 27 34 27 94 44 47 84 43 41 68 17  5 52  9 94 44
  8 42 41 84 68 60 19 44 71 67 70 60 54  5  0 64 29 97 81 77 86 30 73 62
  2 32 15 91]
[ 90  74  71  66  91  88  67  49  64  24  23  34  22   3  76  80  15  90
  50  66  84  38   7  99  44  84  27  73  55  33  73  42  31  35  57  12
  18  77  37  64  24  22  11 100  99  75  17  15  79   1  22  40  60  64
  17  51  37  77  18  99   2  49  52  75  65  17  75  98  95  92 100  26
  27 100  17  84  35  61  29  57  16  19  21  43  79  79  39  11  17  17
  96  70 100  69   2  56  27  64   2  57]
[65 76 43 28 92 69 98  8 81  6 27 18 53  9 87 81 63 31  6 38 75 69 30 39
 49 97 96  8 93 82 49 87 44 59 98 78 83 42 22 36 18 11 45 21 48 20 81 87
 24 16  1 65 63 72 69 52 23 44 99 11 98 89 41 45 99 56 45 13 16 60 99 55
 85 98 41 96 11 45 94 71 85  7 19 78 32  8 72 53 61 45 93 77 68 25  2 16
 15  6 50 42]
[ 19 100  12  94  40  22 100  41  39  71  22  83  19  13  65  54  83  57
  99   9  33   5  77  99   4  99  20  38  90  99  41  32  31  66  86  48
  65  82  91  98  79  89  46  15  39  16  10  48  52  41  99  15  33  64
  87  20  74  93  51  33  60  61  59   0  20  24  42  42  43  64  28  76
  35  87  13  54  98  91  50   5  68  48  67  91  55  98  81   2  47  54
  82  10  58  93  83  94  45  86  56  73]
[ 30  72  21  87  61  45  53  35  34  69  68  63  95   4  38  63  25  53
  60  62  70  53  24  94  63  76  45  22  41  91  87  54  82   2   3  23
  68  51  44  95  27   9  48  75  77  41  54  30  97  21  45  83 100  67
  56  71  66  23  41  83  45  98  82  84  47  17  45  41  87  81  82   1
   0   6  95  80  93 100  50  76  27  15  22  26  62  97  41  46  93  61
  27  39  78  28  23  53  29  91  34  28]
[72 12 41 89 96 23 96 63 11 19 72 72 53 35 75  3 81 77 99 66 64 81 71 66
 19 56 21 41 75 94 73  8 65  2 46 65 35 34 43 21 47 36 74 18  4 32 39  8
 29 72 57  4 63 60 15 98 20  8 35 58  0 41 67 74 99 51 30 85 59 92 52 67
 84 13 88 98 49 69 66 60 33 57 87  8 74 69 28 13 81 14  5 68 62 48 15 81
 52 20 98 35]
[96 31 35 39 14 55 10 99 80 34 14 13 57 63 95 99 95 28 45 91 35  4  6 61
 24 47 24 48 45 86 73  2 24  9 19 46 21 92 53 27 79 31 36 61 95 69 23 12
 76 63 51  4 24 40 71 69 77 19 89 15 96 27 62 55 31 45 84 75 60  9 91 68
 31 95 31 42 60 84 89 20 28 64 78 86 15  7 96 34 39 21 10 88 79 43 19 16
 12 83  3  4]
[47 29 28 51 76  4 15 64 52  3 99 65 93 74 33 80 18  1 89 46 95 77 37  6
 94 50 27 92 43 76 40 67 64 99 24 52 23 85  1 40 55 37 52 41 58 95 48 72
 53 71 63 50 73 97 45 65 17 52 24 91 81 35 69 65 37 30 85 88 31 16 44 19
 60  0 51 52 94 92 89 60 59 92 54  2 31 66 59 59 87 91 67 48 57 80 33 23
 58 73 86 21]
[96 32  9 97 76 54 58 66  1 63 92 32 70 93 16 47 23 86 84 28 74 44 92 82
 52 35 14 76  8 48  3 28 51 34 75 86 53  8 73 78 48 51 63 29 62 56 14 98
 41 20 78  7 75 64 40  6 17 82 79 45 10 11 87 97 12 91 85 21 44 79 82 50
 17  6 95 24 57 33  7 44 81 10 42 12  3 39 15 48 82 20 43 48 61 91 11 10
 37 26 52  3]
[ 91   3  85  16  27  84  37  85  23  65  21   7   2  18  87  25  53  71
  61  98  88  19  42  48  87  59  67  99  23  41  61  91  83  72  82  87
  34  75  29  97  35  36  75  58  36  42  17  45  24  64  98  13   7  39
  45  54  37  86  13  45  91  99  98  66  64  35   0  16  97   2  29  56
  99   5  43  34  14  71 100   0  91  41  97  76  35  48  85  49  82   9
  18  18  67  47  36  41  96   1  50  24]
[ 48  98  20  23  70  60  67  58  34  38  11   8  96  24  17  48  24  53
  27  82   1  85  89  95  81  15  95  81  67   2  89  69  99  39 100  13
  55  79  39  11  73  42  94  33   3  31  63   0   7  93  95  76 100  25
   5  12  26  56  46  25  22  16  29  95  65  68  45  19  94  82  72  12
  80  13  14  93  43  17  29  18   8   2  51  62  59  13  93  50  71  46
  23  97  36  50  44   7  57  17  97  73]
[20 44 86 12 32 50 71 51 57  1 58 89 59 18 94 35 76 92 77 16 76 35 66 81
 59 22 87 71 20 50 33  9 40 64 74 31 53 67 47 65 61 36  6 22 54 27 57 65
 83 21 94 17 68  4 11 10 98 34 61 97 84 75 98 54 96 45  7 82 80 50 15 22
  5 20 68 76 92 44 88  8 38 81 54 56 36 18 62 95 52 74 81 35 67 34 26 87
 32 93 33 23]
[ 19  25  79  12  12  33  46  78  99  68  47  81  73  19  77  85   5  75
   9  81   5  14   0  51  10  52  58  25  57  16  25  75  37  39  30  14
  55   0  95  65  85  49  70 100  24   1  83  14  82  83   2  48  46  34
  23   1  54   2  61  52  57  90  68  78  59  19  70  39  43  51  22  54
  19  30  90  39  14  67  22  76  91  11  42  39  37  87  64  27  99  62
  17  82   4  29  28   4  97  36  59  36]
[  8  90  52  22  26  23  58  89  79  42  51  54  71  11  14  22  41   6
  19  97  64  99  36  99  46  48  45  14  38  18  40  19  54  66  77  72
  50  93  65  28 100  17  43  70  38  39  93  60  50  33  22   4  36  94
  81  12  27 100  17  40  84  57  52  25   0  16  95  41   9  40  53  70
  74  75 100  95  28  38  45  55  51  66  33  95  59  97  54  61  32  92
  89  84  56  87  70  83  13  37  43  25]
[59 46 39 45 95  9 71 89 44 77 84 47 16 40  2  3 29 52 58 43  5 24 35 84
 79 11 92 25 41 89 69  8  2 29 77 58 68 71 73 51 96  5 67 31 92 38 99 72
 37 95 61 43 30 79 93 36 45 31 46 15 78 73 76 53  1 98 42 72  2 18 64  3
 43 78 62 12 26 55 25 94 65 92 78 37  2 21 40 57  2 48 60 32 86 71 65 64
  4 96  5  6]
[ 71  22  90  54  40   3  90  67  59  35  37  82  95  78  33  65  21  15
  18  29  96  49  31 100  11  22  60  20  46  36  42  90  13  22  26  76
  59   8  12  42  89  18   1  58  76  28  73   2  19  73  10  99  74  60
  22  29  23  32  24  62  17  94   9  93  79  78  47  24  14  72  17   0
  67  47  84  69  92  76  85  89   0  41  72  32  32  94   1  44  10  99
  52  68  77  91  61  32  28  37  86  68]
[37 61 21 51 46 22 74 91 36  0  4 12 23 46 35 27 67 40 90 59 31 33 17 58
 79 31  4 88 19 68 40 98  5 50 28 70  1 51 54 87 65 76 54  7 85 41 78 95
 16 90  9 76 35  5  3 42 32 52 77 56  7  0 54 33 48 54 27 24 20 29 67 17
 72 31 97 80  9 20 47 51 21 15 87 67 33 88 58 75 41 94 30 87 97 90 18 80
 28 20 42 44]
[ 59  87  80  31   7  18  27  40  78  40  25  11  92  73  24  38   5  68
  38  36  83  75  12  38  14  21  92  61   9   4  55  22  54  72  60  62
  42  17  63  82  38  84  31  88  82  56  89  85  96  54  35  93  91  95
   6  78  48  89  69  75  36  10  52  87  27  79  50  64  87   7  64  68
  17  45   2  75  13  10  22  53  91  83  24  87  93  17  25  77  96  24
  89 100  87  60  31  86  11  42   5  49]
[ 80  10  43  60  57  45   1   0  64  93  22  83  17  40   5  93   3  74
   1  38  65  17  80  70   2  92  65  65  47  27  65  80   1  15  19  73
  33  41  25  46  13  11  41  33  80  63   4  28  95  99  57  62  23 100
   8  65  58  83  39  39  33   6  86  28  52  17  60  11  29   7  75  84
  75  33  10  11  81  93  98  49  51  43  24   8  69  65  93  67  10  13
  93  77  95  72  58  60  23  64  96  83]
[ 10  62  20  81  76  54  99  59   6  15  79  55  79   2  80  89  32  71
  37  71  43  55  23  10  55  46  31   2  88   7  17   0  35  69 100  46
  11  61  47  17  78  71  96  25  59  71  66  30  59  18  97  11   7  53
  36  87  54  92  65  98  75  64  66   9  30  81   1  68   3  34  11  57
  17  54   8   8  32  14  74  13  10  38  66  48  81  14  15  48  68   9
  38  37  56  51  71  45  11  93  25  49]
[ 63  24  18  79  76  63  87  25  84  13  31  21  19  38   7  71  67  40
  89  52  77  52  65  72  84  93  97  53  92  14   4  52  97  78 100  39
  57  12  53  31  74  54  59   0  12  90  59  89  85  64  69  74  73  30
  74  24  59  38  99  73  98  19   8  78  33  89  77  57  43  94  48  89
  40  97   5  46   4  97  75  93   7  15  21  77  24 100   5  74  64   5
  39  84  75  31   9  60  26  79  71  77]
[ 82  83  23  43  89  18  67  53  97  12  95  55  47  57  82  31  16  51
   0  44  79  15 100  92  48  97  97  58  67  56  81  75  47  18  12  69
  33  26  33  49   6  61  12  18  21  10  86   7  96  91  77  62  12  36
  58  60  89  17  30  72  77  93  42  28  31  16  63  11  98   1  59  62
  37  48   3  18  91 100   4   8  49  56   9  27  97  95   1  52  23  35
  87  73  23   5  56  52  54   0  74  42]
[ 48  95  17  31  96  46  23  43  36   4  83   0  55  67  23  67  89  13
  14  99  49  23 100  54  29  10  56   2  25  71  52  87  85  43   0  45
  81  96  65  11  47  60  60  84  63  96   9  13  27  91  22  25  30  80
  86   6  67  13  18  57  73  39  14  40  91  77  62  83  39  64  61  60
   3  17  28  84  21   0  62  74  26  10  46  43  69  73  24  43  27  78
  60  71  48  84  91  76  43  68  96  63]
[ 87  30   8  41  19  32  11  53  96  14  12   4  22  99  76  95  93  82
   2  92  71  87  24  89  53  42   6  44  17  20  15  59  52  61  46   9
   0  82  44   8  89  21 100  34  41  11  11  63  42  78  17  51  80  53
  18  56   9  39  28  31  14  42  98  99  71  54  49  91  67  26  91  60
  28  15  98  40  69  22  70  79  96  23  66  50   9  63  41  73  69  25
   4  48  99  75  37  92  89  22  34  89]
[ 17  72  87   6   4  26   4 100  18  13  82  35  70  35  97  63  76  16
  68  86  34  52  69  95  36  83  93  87  54  41  18   9  49  18  89  28
   1  98  44  64   8   5  69  43  68  54  99  18  51  30  97  38  42  12
  20  22  28  48  15  44  21  71  88  67  78  69  55  56  12  59  20  51
  45 100   6  38  14  42  35  86  44  45  76   7   3  70  56  80  53  22
  55  25  32  18  38  41  52  58   8  87]
[ 9 34  7 32 60 94 48 51 64  6 82 43 87 58 38 70 16 78  4  5 83 75 33 95
 86 46  6 54  9  9 11  1 29 54 61 11 51 29 75 27  2 87 97 58 60 83 89 21
  7  8 43 53 36  1 88 21 45  7 95 98  5 41 14 65 32  4 81 67 63 95 99 37
 19 73 42  0 97 36 30 28 80  3 25 83 22 64 56 54 46 16 25 32  1 81  7 96
 47 67 92 44]
[ 5 91  7 48 97 41 83 63 80 64  4 11 64 12 72 51 17 57 97  8 69 65 29 90
 72 47 31 67 40 63 63 54 17 78  9 94 59  1 33 36 34 15 79 59 13 37 59 80
 63 59 25 83 66 85 23 17 64 44 76 88 74 87 21 11 72 70 26 64 49 73 70 59
 52 11 80 57 43 15 75 35 72 58 87 78 73 36 68 60 38 98 54 22 85 35 24 82
 40 97 41 14]
[ 6 79 49  8 81 31 93 41 60 60  9 64 48 91  4 77 67 24 25 59 77 37  8 89
 28 21 14 73 87 33  9 56 72  3 74 33 38 85 48 90 45 16 87  5 35 92 25 53
 31 33 74 78 62 84 71 58 92 27 20 57 12 17 84 53 18 28 19 42 30 66 24 33
 96 55 49 48 25 90 95 53  6  7 56 33 25 71 64 16 17 57 33 45 35 75 62 49
 36 24 84 55]
[ 95  83  55  89  12  56  35  51  98  41  65  16  94  18  46  92  21  40
  48  55  71  60  12  67  75   7  93   9  19  84  63   5  24  27   9  56
  53  60  70  47  22  11  45  91  73  90  67  67  75  34  49  43  45  53
   7  20  62  21  37   7  76  54  86  80  21  36  62  43  32  44  92  20
 100  78  50   3   0  24  58  30  91  76   0  75  37  49  89   8  80  18
  86  82  81  18  79  51  60   2  99  69]
[ 32  89  58  64  31  22  67   8  15  15  67 100  93   7   4  69  54  78
  21  17  33  34  42  85  30  65  74  31  84  60  56  58  11  50  74  57
  43   3  86  13  88  72  38  21  72  31  51  56  37   7  24  33  30  81
  84  18  95  46  81  11   0  31  29  31  70  42  24  18  26  69  26  10
  28  15  45  26  29  12  31  17  87  52  50  56  13  61  78  50  98  48
  33  47  86  67  21   8  45  84  47  58]
[ 26  56  60   2  20  10  32  80  68  47  43  58  70  62  93  19  76  68
  84   2  25  15  65  92  47  53  11  83  62  60  61  12   2  28  84  77
  51  78  28  58  29  60  65  26  20  13  62  10 100  92  84  72  56  50
  21  48  12  31  78  23   5  43   5  19  54  91   4  58  30  91  95  60
  10  12  16  48  27  70  96  28  50  87  24  81  94  28  55  59  23  76
  55  52  96  10   1  38  29  17  52   5]
[ 44  77  61  23   0  14  69  98  53   3   0  61  44  95  22  20  89  99
  77  28  28  15  23  15  28  18  57   5  90  60  22  32  94  22  41  38
  91   4  83 100  50  91  71  51  40  90  68  94  99  26  89  42   0  98
  33  42  31  48  91  21  67   5   9  31  62  32  29  37  44   3  29  27
  66  53  55  87  76  36  58  63  78  85  72  46  35  26  41  15  53  66
  43  98  32  36  58  99  45  28  24  21]
[ 41  51  53  23  69  12  44  72  23  79  15  96  95  98  67  71  81  30
  67  20 100  72  27  81  63  13  95  69   1  62   8   1   8  12   0  52
  92  65  93  65  25   8  17  36   1   5  90  11  92   2  22  48  50  65
  52  76   3  50  53  32  99  18  20   8  56  90  81  68  14  81   4   7
  81  39  46  53  64  62  70  43  18   9  48  92  31  58  99  36  19   6
  36  65  87  11  99  70  55  15  22  41]
[ 20  35  84  93  31  26  18   5  78  44  59  93  21  38  27   6   0  56
  96  35  22  78  62  15  92  67  84  85  27  99  53  25  45  72  71  33
   4  53  41  12 100  70  86  11  17  73  76  34  37  78  34  83  94  20
  58  28  95  22   2  24  87   1  98   4  34  78  47  70  84  19  86  41
  88  84  25   6  20  83  13  25   6  77   5  36  80  84  89  19  15  79
  97   9  59  97  83   8  81   3  93  67]
[96 79 34 11 13 75 91 67 27 35 99 63 95 50 14 73 63 18 58 91 38 29  0 17
  2 62 72 82 47 30 19 30 14  0 19 92 54 96 29  4 31 60  9 38 37 50 28 42
  2 68 67 52 69 27  1 67 21 21 83  5 14 94 61 40 27 55 42 62 92 46 26 82
 12 16 10 93 46 69 54 65  9 30 95 76  3 94 81 60 38  0 28 34 39 50  8  1
 24 60 48 36]
[ 84  40  65  45  52  88  11  42  64  27   2  17  29   2  55  58  68  76
  92  69  26  97  32  35  17  22  66   8  37  35  33  63  22  30  38  65
  21  45  57   0  76   4 100  69  17  81  13  78  38   6  92  34  79  11
  37  98  87  20  15  64  69  55  67  28  38  31  11  31  15  13  20  81
  35  30  53  47  24   1  16  40   9  98  65  25  65  72  70  97  88  31
  14  55  93  50  44  55  15   7  65  49]
[99 78 67 51 73 54 83 54 12 85 41 30 26 62 23 68 34 59 33 69 94 85 23 81
 50 99 12 77 94 43 99  3 17 44 59 24 94 75 44 71 87 42 48 90  7 86 94 19
 43 60 18 95 19 73  1 99 17 60 91 86 34 41 63 15  0 68 75 50 33 96 78 17
 58 66 58 67 88 66 23 29 33 68 21 61 95 61  0 18 75 19 95 26 81 51  7 86
 79 72 55 63]
